% -------------------------------------------------------------------
%  Generated by MATLAB on 4-Apr-2023 18:14:47
%  MATLAB version: 9.13.0.2049777 (R2022b)
% -------------------------------------------------------------------
                               

Longueur = 0.44;

T_init = 77.527999999999992;

beta = 0.0032;

c = 88;

dt = 0.000125;

dx = 0.022;

f_1 = 60;

freq_min = 40;

inv = -1;

masse = 0.004405;

mode = 2;

mu = 0.010011363636363636;

n = 21;

p_actionneur = 16;

p_capteur = 5;

